1. 使用`np`导入numpy包 (★☆☆)
   
   ```py
   import numpy as np
   ```

2. 打印numpy版本和配置 (★☆☆)
   
   ```py
   print(np.__version__)
   np.show_config()
   ```

3. 创建一个大小为10的空向量 (★☆☆)
   
   ```py
   S = np.zeros(10)
   print(S)
   ```

4. 如何查询任何数组的存储大小 (★☆☆)
   
   ```py
   S = np.zeros((5, 5))
   print("%d bytes" % (S.size * S.itemsize))
   ```

5. 如何通过命令行得到numpy相加（add）函数的文档 (★☆☆)
   cmd输入
   
   ```cmd
   `python -c "import numpy; numpy.info(numpy.add)"`
   ```

6. 创建一个大小为10的空向量，但是第五个元素值为1 (★☆☆)
   
   ```py
   S = np.zeros(10)
   S[4] = 1
   print(S)
   ```

7. 创建一个值在[10, 49]的向量 (★☆☆)
   
   ```py
   S = np.arange(10, 50)
   print(S)
   ```

8. 反转一个向量（第一个元素变为最后一个） (★☆☆)
   
   ```py
   S = np.arange(20)
   S = S[::-1]
   print(S)
   ```

9. 创建一个值从0到8的3x3矩阵 (★☆☆)
   
   ```py
   S = np.arange(9).reshape(3, 3)
   print(S)
   ```

10. 从[1,2,0,0,4,0]找出非零元素索引 (★☆☆)
    
    ```py
    nz = np.nonzero([1, 2, 0, 0, 4, 0])
    print(nz)
    ```

11. 创建一个3x3的单位矩阵 (★☆☆)
    
    ```py
    S = np.eye(3)
    print(S)
    ```

12. 创建一个3x3x3的随机数数组 (★☆☆)
    
    ```py
    S = np.random.random((3, 3, 3))
    print(S)
    ```

13. 创建一个10x10的随机数数组并找到最小值和最大值 (★☆☆)
    
    ```py
    S = np.random.random((10, 10))
    Smin, Smax = S.min(), S.max()
    print(S, Smin, Smax)
    ```

14. 创建一个大小为30的随机向量并找到平均值 (★☆☆)
    
    ```py
    S = np.random.random(30)
    m = S.mean()
    print(S, m)
    ```

15. 创建一个边缘全为1、内部全为0的二维数组 (★☆☆)
    
    ```py
    S = np.ones((20, 20))
    S[1:-1, 1:-1] = 0
    print(S)
    ```

16. 如何在一个现有数组外加上一个为0的包围圈 (★☆☆)
    
    ```py
    S = np.ones((10, 10))
    S = np.pad(S, pad_width=1, mode='constant', constant_values=0)
    print(S)
    ```

17. 下列表达式的结果是什么 (★☆☆)
    
    ```py
    0 * np.nan
    np.nan == np.nan
    np.inf > np.nan
    np.nan in set([np.nan])
    0.3 == 3 * 0.1
    ```
    
    结果：
    
    ```
    nan
    False
    False
    True
    False
    ```
    
    NaN具有不等于自身的属性，应该使用`np.isnan`来测试NaN值，`np.isnan(np.nan)`将产生True。

18. 创建一个5x5的矩阵，其对角线下方为1,2,3,4 (★☆☆)
    
    ```py
    S = np.diag(1 + np.arange(4), k=-1)
    print(S)
    ```

19. 创建一个8x8的棋盘图形矩阵 (★☆☆)
    
    ```py
    S = np.zeros((8, 8), dtype=int)
    S[1::2, ::2] = 1
    S[::2, 1::2] = 1
    print(S)
    ```

20. 对于一个形如(6,7,8)的数组，第100个元素索引的(x,y,z)是什么 (★☆☆)
    
    ```py
    print(np.unravel_index(99, (6, 7, 8)))
    ```

21. 使用tile函数创建一个8x8的棋盘 (★☆☆)
    
    ```py
    S = np.tile(np.array([[0, 1], [1, 0]]), (4, 4))
    print(S)
    ```

22. 将5x5的随机矩阵标准化 (★☆☆)
    
    ```py
    S = np.random.random((5, 5))
    S = (S - np.mean(S)) / (np.std(S))
    print(S)
    ```

23. 创建一个自定义类型表示一种由四个无符号字节组成的颜色(RGBA) (★☆☆)
    
    ```py
    color = np.dtype([("r", np.ubyte), ("g", np.ubyte), ("b", np.ubyte), ("a", np.ubyte)])
    ```

24. 5x3的矩阵和3x2的矩阵相乘（矩阵乘法） (★☆☆)
    
    ```py
    S = np.dot(np.ones((5, 3)), np.ones((3, 2)))
    print(S)
    ```

25. 给定一个一维数组，将(3, 8)之间的元素原地变为负数 (★☆☆)
    
    ```py
    S = np.arange(20)
    S[(3 < S) & (S < 8)] *= -1
    print(S)
    ```

26. 下列代码输出是什么 (★☆☆)
    
    ```py
    print(sum(range(5),-1))
    from numpy import *
    print(sum(range(5),-1))
    ```
    
    结果：
    
    ```
    9
    10
    ```
    
    分析：第一行调用的python原生sum接口，表示数组计算总和后再加-1。第二行调用的`numpy.sum()`，-1表示最后一个维度，因为数组是一维的，所以它表示第一个维度，也是最后一个维度，即在第一个维度上求和。

27. 对于一个整数向量Z，下列表示哪些是合法的 (★☆☆)
    
    ```py
    Z**Z
    2 << Z >> 2
    Z <- Z
    1j*Z
    Z/1/1
    Z<Z>Z
    ```
    
    Z = np.array([1,2,3,4], dtype=int)
    print结果：
    
    ```
    [  1   4  27 256]
    [1 2 4 8]
    [False False False False]
    [0.+1.j 0.+2.j 0.+3.j 0.+4.j]
    [1. 2. 3. 4.]
    print(Z<Z>Z)
    ValueError: The truth value of an array with more than one element is ambiguous. Use a.any() or a.all()
    ```
    
    分析：第一行是乘方，第二行是位运算，<<左移，相当于乘以2，>>右移，相当于除以2。第三行比较。第四行虚数和实数相乘。第五行连除。

28. 下列表达式的结果是什么 (★☆☆)
    
    ```py
    np.array(0) / np.array(0)
    np.array(0) // np.array(0)
    np.array([np.nan]).astype(int).astype(float)
    ```
    
    结果：
    
    ```
    nan
    0
    RuntimeWarning: invalid value encountered in true_divide
    print(np.array(0) / np.array(0))
    RuntimeWarning: divide by zero encountered in floor_divide
    print(np.array(0) // np.array(0))
    [-2.14748365e+09]
    ```
    
    分析：第一行浮点数除法，第二行整数除法。

29. 如何让一个浮点数数组四舍五入 (★☆☆)
    
    ```py
    S = np.random.uniform(-20, +20, 20)
    print(np.copysign(np.ceil(np.abs(S)), S))
    ```

# 可读性高但效率低

print(np.where(S > 0, np.ceil(S), np.floor(S)))

```
分析：`np.random.uniform`从一个均匀分布[low, high)中随机采样。
`np.copysign(a, b)`:将b中各元素的符号赋值给数组a的对应元素。
`np.ceil(a)`, `np.floor(a)`: ceiling向上取整，floor向下取整。

30. 如何找到两个数组中的共同值 (★☆☆)
```py
S1 = np.random.randint(0, 10, 10)
S2 = np.random.randint(0, 10, 10)
print(S1, S2)
print(np.intersect1d(S1, S2))
```

31. 如何忽略所有numpy警告（不推荐） (★☆☆)
    
    ```py
    # 自杀模式
    defaults = np.seterr(all="ignore")
    S = np.ones(1) / 0
    ```

# 理智

_ = np.seterr(**defaults)

# 等同于上下文管理器

with np.errstate(all="ignore"):
  np.arange(3) / 0

```
32. 下列表达式是正确的吗 (★☆☆)
```py
np.sqrt(-1) == np.emath.sqrt(-1)
```

结果：
不正确

33. 如何得到昨天、今天和明天的日期 (★☆☆)
    
    ```py
    yesterday = np.datetime64('today') - np.timedelta64(1)
    today = np.datetime64('today')
    tomorrow = np.datetime64('today') + np.timedelta64(1)
    ```

34. 如何得到2016年7月每一天的日期 (★★☆)
    
    ```py
    S = np.arange('2016-07', '2016-08', dtype='datetime64[D]')
    print(S)
    ```

35. 如何原地计算((A+B)*(-A/2)) （不复制） (★★☆)
    
    ```py
    A = np.ones(3) * 1
    B = np.ones(3) * 2
    np.add(A, B, out=B)
    np.divide(A, 2, out=A)
    np.negative(A, out=A)
    np.multiply(A, B, out=A)
    ```

36. 使用四种不同的方法从一个随机正数数组中找出整数 (★★☆)
    
    ```py
    S = np.random.uniform(0, 20, 20)
    print(S - S % 1)
    print(S // 1)
    print(np.floor(S))
    print(S.astype(int))
    print(np.trunc(S))
    ```

37. 创建一个5x5的矩阵，每行的值从0到4 (★★☆)
    
    ```py
    S = np.zeros((5, 5))
    S += np.arange(5)
    print(S)
    ```

38. 定义一个生成函数，它可以产生10个整数并构建一个数组 (★☆☆)
    
    ```py
    def generate():
    for x in range(10):
    yield x
    S = np.fromiter(generate(), dtype=float, count=-1)
    print(S)
    ```
    
    分析：`yield`，可简单看作return，深入来说它是一个生成器，带yield的函数是一个迭代器。`np.fromiter()`此函数使用可迭代对象创建ndarray。它返回一维ndarray对象。参数1：可迭代，表示可迭代对象。dtype：代表结果数组项的数据类型。count：代表要从数组缓冲区中读取的项目数。

39. 创建一个大小为10的向量，其值为(0, 1) (★★☆)
    
    ```py
    S = np.linspace(0, 1, 11, endpoint=False)[1:]
    print(S)
    ```

40. 创建一个大小为10的随机向量并排序 (★★☆)
    
    ```py
    S = np.random.random(10)
    S.sort()
    print(S)
    ```

41. 对一个小数组求和如何快过`np.sum` (★★☆)
    
    ```py
    S = np.arange(10)
    sum = np.add.reduce(S)
    print(sum)
    ```

42. 判断两个随机数组A和B是否相等 (★★☆)
    
    ```py
    A = np.random.randint(0, 2, 5)
    B = np.random.randint(0, 2, 5)
    # 假设数组形状相同
    equal = np.allclose(A, B)
    print(equal)
    # 同时检查形状和值是否相同
    equal = np.array_equal(A, B)
    print(equal) 
    ```

43. 创建一个不可改变（只读）的数组 (★★☆)

    ```py
    S = np.zeros(20)
    S.flags.writeable = False
    S[0] = 3
    ```

结果：会报错`ValueError: assignment destination is read-only`

44. 创建一个10x2的随机数组代表笛卡尔坐标系，将它们转换为极坐标系 (★★☆)

    ```py
    S = np.random.random((10, 2))
    X, Y = S[:, 0], S[:, 1]
    R = np.sqrt(X ** 2, Y ** 2)
    T = np.arctan2(Y, X)
    print(R, T)
    ```

45. 创建一个大小为10的随机向量，将最大值替换为0 (★★☆)
    
    ```py
    S = np.random.random(10)
    S[S.argmax()] = 0
    print(S)
    ```

46. 创建一个[x, y]数组覆盖[0, 1]x[0, 1]区域 (★★☆)
    
    ```py
    S = np.zeros((5, 5), [('x', float), ('y', float)])
    S['x'], S['y'] = np.meshgrid(np.linspace(0, 1, 5), np.linspace(0, 1, 5))
    print(S)
    ```

47. 给定两个数组X和Y，构建柯西矩阵C(Cij =1/(xi - yj)) (★★☆)
    
    ```py
    X = np.arange(10)
    Y = X + 0.5
    C = 1.0 / np.subtract.outer(X, Y)
    print(np.linalg.det(C))
    ```

分析：`np.subtract.outer(b,a)`意为有两个向量`a`、`b`，要实现`a`中的每个元素与`b`中的每个元素进行比较。`np.linalg.det()`，矩阵求行列式。

48. 打印每个numpy标量类型的最大值和最小值 (★★☆)

    ```py
    for dtype in [np.int8, np.int32, np.int64]:
        print(np.iinfo(dtype).min)
        print(np.iinfo(dtype).max)
    for dtype in [np.float32, np.float64]:
        print(np.finfo(dtype).min)
        print(np.finfo(dtype).max)
        print(np.finfo(dtype).eps)
    ```

结果：

    ```
    -128
    127
    -2147483648
    2147483647
    -9223372036854775808
    9223372036854775807
    -3.4028235e+38
    3.4028235e+38
    1.1920929e-07
    -1.7976931348623157e+308
    1.7976931348623157e+308
    2.220446049250313e-16
    ```

49. 如何打印一个数组所有的值 (★★☆)

    ```py
    np.set_printoptions(threshold=float("inf"))
    S = np.zeros((300, 300))
    print(S)
    ```

50. 如何在一个向量中找到和给定的标量最近的值 (★★☆)
    
    ```py
    S = np.arange(80)
    v = np.random.uniform(0, 80)
    index = (np.abs(S - v)).argmin()
    print(S[index])
    ```

51. 创建一个结构化数组代表一个位置(x, y)和一种颜色(r, g, b) (★★☆)
    ```py
    S = np.zeros(10, [ ('position', [ ('x', float, 1),
                                    ('y', float, 1)]),
                    ('color',    [ ('r', float, 1),
                                    ('g', float, 1),
                                    ('b', float, 1)])])
    print(S)
    ```
    结果：
    ```cmd
    [((0., 0.), (0., 0., 0.)) ((0., 0.), (0., 0., 0.))
    ((0., 0.), (0., 0., 0.)) ((0., 0.), (0., 0., 0.))
    ((0., 0.), (0., 0., 0.)) ((0., 0.), (0., 0., 0.))
    ((0., 0.), (0., 0., 0.)) ((0., 0.), (0., 0., 0.))
    ((0., 0.), (0., 0., 0.)) ((0., 0.), (0., 0., 0.))]
    ```

52. 考虑一个随机向量代表坐标，维度为(100, 2)，找出点和点的距离。 (★★☆)
    ```py
    S = np.random.random((10,2))
    X,Y = np.atleast_2d(S[:,0], S[:,1])
    d = np.sqrt( (X-X.T)**2 + (Y-Y.T)**2)
    print(d)

    # 更快的办法
    import scipy
    import scipy.spatial

    S = np.random.random((10,2))
    d = scipy.spatial.distance.cdist(S, S)
    print(d)
    ```
    结果：
    ```cmd
    [[0.         0.09786007 0.66569039 0.39258291 0.38894259 0.08593746
    0.46778873 0.50077112 0.5686352  0.30783998]
    [0.09786007 0.         0.68461455 0.47274362 0.36695521 0.18375939
    0.53414208 0.51279795 0.66493282 0.21248717]
    [0.66569039 0.68461455 0.         0.93445731 1.04823893 0.65717199
    0.36095226 1.163265   0.90552894 0.81438361]
    [0.39258291 0.47274362 0.93445731 0.         0.455056   0.33283039
    0.61322044 0.38711657 0.2873681  0.63664437]
    [0.38894259 0.36695521 1.04823893 0.455056   0.         0.42919665
    0.84592359 0.20000795 0.73761352 0.35086831]
    [0.08593746 0.18375939 0.65717199 0.33283039 0.42919665 0.
    0.41678544 0.50928979 0.48546027 0.39305264]
    [0.46778873 0.53414208 0.36095226 0.61322044 0.84592359 0.41678544
    0.         0.91034512 0.54580197 0.72908983]
    [0.50077112 0.51279795 1.163265   0.38711657 0.20000795 0.50928979
    0.91034512 0.         0.67056361 0.54412851]
    [0.5686352  0.66493282 0.90552894 0.2873681  0.73761352 0.48546027
    0.54580197 0.67056361 0.         0.86200173]
    [0.30783998 0.21248717 0.81438361 0.63664437 0.35086831 0.39305264
    0.72908983 0.54412851 0.86200173 0.        ]]
    ```

分析：`np.atleast_2d`将输入的数组转化为至少两维。


53. 如何原地将一个float(32 bits)数组转换为一个整数(32 bits)数组？
    ```py
    S = (np.random.rand(10)*100).astype(np.float32)
    Y = S.view(np.int32)
    Y[:] = S
    print(Y)
    ```
    结果：
    ```cmd
    [43.777973  78.91633   36.577732  82.26356   70.52603   85.44975
    93.05814   47.419      1.8847132 51.654057 ]
    [43 78 36 82 70 85 93 47  1 51]
    ```

54. 如何读取下列文件？ (★★☆)
    ```
    1, 2, 3, 4, 5
    6,  ,  , 7, 8
    ,  , 9,10,11
    ```
    ```py
    from io import StringIO

    s = StringIO('''1, 2, 3, 4, 5
                    6,  ,  , 7, 8
                    ,  , 9,10,11
    ''')
    S = np.genfromtxt(s, delimiter=",", dtype=np.int)
    print(S)
    ```
    结果：
    ```cmd
    [[ 1  2  3  4  5]
    [ 6 -1 -1  7  8]
    [-1 -1  9 10 11]]
    ```

55. numpy数组的enumerate等价于什么？ (★★☆)
    ```python
    S = np.arange(9).reshape(3, 3)
    for index, value in np.ndenumerate(S):
        print(index, value)
    for index in np.ndindex(S.shape):
        print(index, S[index])
    ```
    结果：
    ```cmd
    (0, 0) 0
    (0, 1) 1
    (0, 2) 2
    (1, 0) 3
    (1, 1) 4
    (1, 2) 5
    (2, 0) 6
    (2, 1) 7
    (2, 2) 8
    (0, 0) 0
    (0, 1) 1
    (0, 2) 2
    (1, 0) 3
    (1, 1) 4
    (1, 2) 5
    (2, 0) 6
    (2, 1) 7
    (2, 2) 8
    ```
分析：`np.ndenumerate`多维索引迭代器，返回产生数组坐标和值对的迭代器。

56. 生成一个通用的2D类高斯数组 (★★☆)
    ```py
    X, Y = np.meshgrid(np.linspace(-1, 1, 10), np.linspace(-1, 1, 10))
    D = np.sqrt(X*X+Y*Y)
    sigma, mu = 1.0, 0.0
    G = np.exp(-( (D-mu)**2 / ( 2.0 * sigma**2 ) ) )
    print(G)
    ```

57. 如何在二维数组中随机放置p个元素？ (★★☆)
    ```python
    n = 10
    p = 3
    S = np.zeros((n, n))
    np.put(S, np.random.choice(range(n*n), p, replace=False), 1)
    print(S)
    ```
    结果：
    ```cmd
    [[0. 0. 0. 0. 0. 0. 0. 0. 0. 0.]
    [0. 0. 0. 1. 0. 0. 0. 0. 0. 0.]
    [0. 0. 0. 0. 0. 0. 0. 0. 0. 0.]
    [0. 0. 0. 0. 0. 0. 0. 0. 0. 0.]
    [0. 0. 1. 0. 0. 0. 0. 0. 0. 0.]
    [0. 0. 0. 0. 0. 0. 0. 0. 0. 0.]
    [0. 0. 0. 0. 0. 0. 0. 0. 0. 0.]
    [0. 0. 0. 0. 0. 0. 0. 0. 0. 0.]
    [0. 0. 1. 0. 0. 0. 0. 0. 0. 0.]
    [0. 0. 0. 0. 0. 0. 0. 0. 0. 0.]]
    ```

58. 减去矩阵每一行的平均值 (★★☆)
    ```py
    X = np.random.rand(5, 10)

    # 法一
    Y1 = X - X.mean(axis=1, keepdims=True)

    # 法二
    Y2 = X - X.mean(axis=1).reshape(-1, 1)

    print(Y1)
    print(Y2)
    ```

59. 如何按第n列对数组进行排序？ (★★☆)
    ```py
    S = np.random.randint(0, 10, (3,3))
    print(S)
    print(S[S[:, 1].argsort()])
    ```
    结果：
    ```cmd
    [[8 3 0]
    [3 5 1]
    [5 0 4]]
    [[5 0 4]
    [8 3 0]
    [3 5 1]]
    ```

60. 如何判断给定的二维数组是否有空列？ (★★☆)
    ```py
    S = np.random.randint(0, 3, (3,10))
    print((~S.any(axis=0)).any())
    ```
    结果：
    ```cmd
    [[2 2 0 0 2 1 0 1 2 0]
    [2 2 1 0 2 0 0 1 2 0]
    [0 1 0 0 2 2 1 1 2 1]]
    True
    ```
分析：`np.all(np.array)`对矩阵所有元素做与操作，所有为True则返回True；
`np.any(np.array)`对矩阵所有元素做或运算，存在True则返回True。